1638542
1639362
1640231
1641105
1642001
1642851
1643681
1644576
1645471
1646311
1647104
1647930
1648789
1649658
1650488
1651297
1652161
1653033
1653848
1654681
1655544
1656426
1657280
1658130
1659032
1659926
1660776
1661598
1662489
1663363
1664218
1665042
1665912
1666764
1667619
1668431
1669290
1670151
1671023
1671825
1672594
1673352
1674135
1674981
1675851
1676735
1677594
1678394
1679210
1680030
1680848
1681668
1682439
1683250
1684078
1684918
1685735
1686604
1687470
1688333
1689150
1690026
1690895
1691733
1692558
1693404
1694241
1695030
1695842
1696674
1697518
1698354
1699163
1700027
1700888
1701759
1702563
1703433
1704294
1705159
1705961
1706806
1707647
1708491
1709289
1710135
1710982
1711833
1712633
1713489
1714336
1715168
1715949
1716774
1717614
1718452
1719245
1720070
1720898
1721727
1722503
1723256
1724025
1724826
1725683
1726584
1727421
1728281
1729132
1729967
1730754
1731516
1732283
1733024
1733769
1734602
1735466
1736281
1737144
1738009
1738882
1739692
1740537
1741379
1742209
1743011
1743811
1744649
1745513
1746410
1747235
1748084
1748945
1749805
1750623
1751418
1752259
1753102
1753939
1754740
1755538
1756373
1757213
1758042
1758843
1759686
1760530
1761382
1762174
1763006
1763851
1764717
1765558
1766361
1767209
1768056
1768906
1769701
1770524
1771361
1772215
1773054
1773880
1774751
1775617
1776442
1777256
1778113
1778962
1779795
1780588
1781424
1782260
1783101
1783918
1784790
1785675
1786539
1787353
1788231
1789100
1789953
1790761
1791620
1792476
1793312
1794121
1794984
1795851
1796712
1797540
1798419
1799307
1800157
1800961
1801803
1802641
1803489
1804285
1805105
1805952
1806808
1807618
1808461
1809326
1810196
1811007
1811822
1812676
1813513
1814307
1815107
1815954
1816828
1817693
1818510
1819380
1820236
1821096
1821903
1822746
1823597
1824465
1825270
1826110
1826973
1827842
1828655
1829498
1830349
1831201
1831993
1832817
1833640
1834455
1835233
1836043
1836865
1837715
1838551
1839352
1840185
1841007
1841809
1842587
1843396
1844230
1845078
1845889
1846728
1847567
1848423
1849214
1850042
1850883
1851731
1852532
1853345
1854172
1854956
1855705
1856445
1857165
1857894
1858676
1859500
1860281
1861053
1861850
1862649
1863445
1864212
1865003
1865805
1866621
1867435
1868235
1869104
1869995
1870875
1871708
1872590
1873438
1874230
1875015
1875831
1876645
1877432
1878243
1879089
1879941
1880745
1881546
1882325
1883152
1883984
1884833
1885707
1886561
1887403
1888180
1888981
1889797
1890643
1891491
1892284
1893089
1893903
1894724
1895523
1896324
1897187
1898064
1898936
1899765
1900640
1901492
1902349
1903159
1903933
1904742
1905553
1906407
1907250
1908073
1908954
1909864
1910748
1911569
1912403
1913250
1914106
1914921
1915711
1916537
1917392
1918248
1919083
1919887
1920731
1921552
1922361
1923099
1923852
1924571
1925316
1926183
1927079
1927893
1928755
1929622
1930483
1931298
1932128
1932977
1933826
1934638
1935466
1936345
1937229
1938076
1938888
1939773
1940656
1941552
1942385
1943233
1944098
1944983
1945810
1946623
1947488
1948335
1949191
1949982
1950815
1951665
1952536
1953368
1954233
1955136
1956037
1956866
1957708
1958573
1959440
1960252
1961059
1961933
1962825
1963696
1964518
1965392
1966248
1967106
1967919
1968788
1969648
1970503
1971294
1972128
1972975
1973832
1974654
1975521
1976394
1977232
1978048
1978903
1979744
1980583
1981365
1982155
1982978
1983812
1984627
1985437
1986329
1987204
1988082
1988899
1989756
1990616
1991485
1992293
1993079
1993906
1994755
1995629
1996460
1997308
1998196
1999084
1999934
2000733
2001553
2002388
2003229
2004034
2004819
2005645
2006480
2007347
2008166
2009019
2009905
2010773
2011638
2012447
2013295
2014141
2014986
2015796
2016586
2017420
2018282
2019190
2020063
2020899
2021787
2022677
2023563
2024377
2025195
2026036
2026889
2027754
2028590
2029481
2030377
2031284
2032132
2032953
2033809
2034665
2035539
2036347
2037172
2038047
2038959
2039816
2040632
2041480
2042318
2043141
2043931
2044759
2045608
2046474
2047272
2048096
2048943
2049791
2050584
2051386
2052215
2053069
2053919
2054735
2055622
2056504
2057413
2058243
2059056
2059896
2060740
2061586
2062375
2063183
2064023
2064890
2065741
2066559
2067419
2068286
2069152
2069964
2070769
2071602
2072427
2073236
2074002
2074793
2075628
2076495
2077372
2078218
2079098
2079971
2080824
2081638
2082479
2083319
2084126
2084921
2085678